A= 000
B= 001
C= 010
D= 011
E= 100
F= 101
A, 11 -> B
A, 0X -> A
A, 10 -> D
B, 11 -> F
B, 10 -> E
B, 01 -> A
B, 00 -> D
C, 00 -> C 
C, 01 -> B
C, 10 -> C
C, 11 -> F
D, 00 -> D
D, 01 -> A
D, 10 -> E
D, 11 -> E
E, 00 -> B
E, 01 -> F
E, 10 -> D
E, 11 -> F
F, 00 -> B
F, 01 -> E
F, 10 -> D
F, 11 -> E
A
    A2  A1  A0  U   Y   S2
    0   0   0   0   0   0
    0   0   0   0   1   0
    0   0   0   1   0   0
    0   0   0   1   1   0
B
    0   0   1   0   0   0
    0   0   1   0   1   0
    0   0   1   1   0   1
    0   0   1   1   1   1
C
    0   1   0   0   0   0
    0   1   0   0   1   0
    0   1   0   1   0   0
    0   1   0   1   1   1
D
    0   1   1   0   0   0
    0   1   1   0   1   0
    0   1   1   1   0   1
    0   1   1   1   1   1
E
    1   0   0   0   0   0
    1   0   0   0   1   1
    1   0   0   1   0   0
    1   0   0   1   1   1
F
    1   0   1   0   0   0
    1   0   1   0   1   1
    1   0   1   1   0   0
    1   0   1   1   1   1
S2  =  AE + A'CD + BDE
PARTE 2
A
    A2  A1  A0  U   Y   S1
    0   0   0   0   0   0
    0   0   0   0   1   0
    0   0   0   1   0   1
    0   0   0   1   1   0
B
    0   0   1   0   0   1
    0   0   1   0   1   0
    0   0   1   1   0   0
    0   0   1   1   1   0
C
    0   1   0   0   0   1
    0   1   0   0   1   0
    0   1   0   1   0   1
    0   1   0   1   1   0
D
    0   1   1   0   0   1
    0   1   1   0   1   0
    0   1   1   1   0   0
    0   1   1   1   1   0
E
    1   0   0   0   0   0
    1   0   0   0   1   0
    1   0   0   1   0   1
    1   0   0   1   1   0
F
    1   0   1   0   0   0
    1   0   1   0   1   0
    1   0   1   1   0   1
    1   0   1   1   1   0

S1 = C'DE' + BC'E' + ADE' + A'CD'E'
PARTE 3

A   
    A2  A1  A0  U   Y   S0
    0   0   0   0   0   0
    0   0   0   0   1   0
    0   0   0   1   0   1
    0   0   0   1   1   1
B
    0   0   1   0   0   1
    0   0   1   0   1   0
    0   0   1   1   0   0
    0   0   1   1   1   1
C
    0   1   0   0   0   0
    0   1   0   0   1   1
    0   1   0   1   0   0
    0   1   0   1   1   1
D
    0   1   1   0   0   1
    0   1   1   0   1   0
    0   1   1   1   0   0
    0   1   1   1   1   0
E
    1   0   0   0   0   1
    1   0   0   0   1   1
    1   0   0   1   0   1
    1   0   0   1   1   1
F
    1   0   1   0   0   1
    1   0   1   0   1   0
    1   0   1   1   0   1
    1   0   1   1   1   0
